0
0
0
3
3
12
31
83
84
85
137
146
146
154
154
390
191
211
377
233
340
526
527
685
691
708
752
753
755
766
766
766
796
802
821
823
824
825
828
837
396
398
398
398
399
400
401
404
406
407
409
414
417
419
419
419
421
423
424
425
425
425
432
648
689
689
705
756
756
757
757
757
798
798
805
805
809
817
828
848
433
433
434
434
435
436
436
437
437
437
438
438
439
439
440
440
441
441
442
442
443
443
443
444
444
445
446
453
690
704
709
721
722
724
773
773
775
775
775
809
342
483
487
487
489
496
499
502
505
505
507
508
508
509
510
511
511
512
514
515
516
516
517
518
519
520
523
738
738
774
774
774
787
787
787
799
799
810
823
823
5
21
22
84
92
100
459
476
477
543
547
547
549
549
557
560
560
565
578
584
584
587
590
593
593
600
600
634
742
777
777
783
783
784
796
818
820
820
829
844
101
101
102
102
103
104
105
105
106
106
107
107
108
109
111
112
114
119
119
121
123
126
404
411
412
420
490
493
495
685
690
699
745
745
754
754
772
772
772
851
298
299
300
300
301
302
303
304
305
306
311
314
315
316
317
320
322
326
339
351
358
359
684
694
770
782
782
795
795
802
803
804
804
805
805
810
811
819
834
834
99
123
123
123
140
158
162
164
180
190
408
408
409
409
413
413
415
416
423
426
486
486
534
573
697
697
697
698
698
698
705
705
711
711
712
712
746
756
808
832
17
29
29
37
41
59
61
146
188
188
225
270
341
362
454
611
613
683
683
687
695
695
713
713
732
733
733
734
780
781
781
782
782
801
803
803
810
810
830
849
153
153
154
160
169
170
170
171
171
172
174
177
180
182
185
193
197
197
199
199
210
211
211
219
219
222
222
633
700
752
752
753
753
755
755
791
796
811
811
840
368
368
369
370
373
373
374
375
376
377
379
379
380
383
383
384
386
388
390
391
391
392
393
393
394
394
706
706
716
735
735
751
763
763
763
792
792
800
800
804
52
82
86
132
160
165
167
173
187
192
200
208
219
235
249
256
260
310
312
317
321
323
325
329
330
330
437
440
464
469
475
481
493
494
483
548
598
731
751
846
8
8
30
30
187
199
271
272
272
272
279
280
283
285
290
291
685
691
691
702
702
767
767
768
768
776
776
776
785
785
785
796
797
797
797
803
810
811
818
843
461
462
465
468
470
473
476
476
477
479
480
532
550
551
551
553
555
563
563
568
570
574
575
580
582
586
599
604
610
612
693
701
742
777
777
777
783
783
784
852
7
16
18
21
21
34
36
89
94
134
151
153
158
159
165
172
208
210
213
214
222
223
485
686
712
736
752
752
755
755
778
778
778
779
788
795
799
804
811
813
45
85
203
274
288
342
343
345
354
355
364
458
489
509
535
537
539
541
545
618
619
620
622
624
626
632
638
711
716
749
770
770
773
773
779
779
784
784
786
786
51
54
55
56
57
61
61
62
62
64
66
67
67
81
90
95
100
684
711
712
713
714
714
714
715
737
737
747
762
762
762
771
771
805
806
811
820
821
823
824
224
228
242
245
249
254
264
647
649
650
651
652
653
654
655
656
657
658
659
660
661
662
663
664
665
669
716
739
739
759
759
761
761
761
769
769
793
793
794
835
4
5
6
19
22
35
43
60
87
92
155
155
156
212
230
232
293
294
297
626
685
700
715
733
746
749
754
754
762
762
771
771
790
795
796
801
827
828
833
853
5
6
75
75
79
79
92
204
293
297
667
684
688
700
700
707
707
713
713
714
714
716
720
727
747
780
789
789
789
790
794
795
806
806
812
819
827
827
842
850
